-4.48818897638,8380200
4.69909315746,12372900
1.81102362205,13845600
1.70146945089,6568500
2.58554372624,8316100
-1.92734632523,7547900
-1.05820861678,7936000
0.305584438929,6087600
-1.44707539985,4399200
-1.70014696292,5216300
1.80817610063,4742200
3.861003861,5084200
-0.594795539033,6518500
1.12191473448,5505300
0.0,4864000
4.65976331361,10220100
3.95760424028,12234200
-4.1468454013,9199000
-2.90780851064,6944400
-0.584353585417,4808900
2.13077868253,6437700
3.30935971223,6410600
-0.487479074688,4725100
-1.53953124839,3709400
-3.26936034115,3240000
1.32254215117,5069100
-2.46554767698,6743000
-0.966542750929,3835600
3.6036036036,11310800
-0.724637681159,6293000
0.36496350365,6860500
0.145454545455,5397200
0.363108206245,5222800
-0.144717800289,4386500
0.724637681159,2437400
2.08632374101,6549500
6.06061353493,12910000
-0.46511627907,7029900
-1.60214285714,4792100
-0.94978975236,4441000
-0.410965753425,4752100
3.02614188625,6445700
-2.46995327103,5503400
-1.0266939749,3907600
2.0746886532,4880400
-1.96477628965,4279900
-1.5203870076,5004300
-1.26315789474,6034600
-1.42146410803,5678000
3.10021629416,7022200
3.4965034965,9035000
4.05405405405,11222800
1.62337662338,16420600
-0.766773162939,5391400
7.53380553767,9985100
-4.19161676647,9387600
1.4375,5838000
-2.34134319162,7355200
-4.66876340694,5905000
1.58834536146,6062600
1.88924429967,4912200
2.23785180549,4707900
-2.12632283467,5296600
-1.9808370607,5367300
1.69492188363,5735100
-2.24358974359,5463700
1.04918688525,6238900
4.02335470322,4914100
2.18340611354,9400900
-0.793650793651,7320400
2.70768615385,4525400
-0.23965849249,6864400
-3.9039039039,7730600
2.8125,5988100
-1.82370820669,4694500
1.23839009288,2620200
2.2629969419,5062500
-0.11961722488,5223100
1.13771856287,4787700
-1.71698648413,3470900
1.50602409639,4428900
-1.06824925816,5283400
3.83923815237,4634300
-2.71520492691,4864600
-0.534435898719,3890400
-1.67164179104,9470400
-4.91802671524,13237500
1.78798200588,10777500
-1.81931629983,5635200
1.85302875399,12772100
1.31744675768,9068400
4.5820371517,9340500
-0.710473695114,3194600
-2.0870602266,7103200
-0.48721680877,4389300
0.795599803892,5111000
-0.303582270795,5427800
-1.58342874543,6598100
-0.309405921448,2999800
2.17256349022,6850300
-1.0935661547,7159700
-2.33415233415,5823200
1.25786163522,7638900
0.248440993789,4604400
0.0,5150900
3.15985769268,9549300
-0.900900900901,21803300
-1.21212121212,7856400
0.306748466258,8839700
0.305810397554,5290800
-2.37804268293,5291900
0.312304789987,8263900
2.67744690676,11002300
0.606428175041,8943200
-3.5563534392,9666700
-0.3125,5572500
1.56739811912,3280500
1.54320987654,4853400
-0.547106382979,4260800
0.977988937776,3328400
-0.665853510896,7420200
-0.609384484498,4248100
-1.47149592449,5372100
1.12009956441,2939600
-3.69230769231,6031600
-0.958466453674,4878300
0.709683870968,5399200
1.2812298987,10001300
1.13850720187,3001000
-1.75108203571,4861900
0.445569672465,5034800
2.09126108999,6173400
1.11730595175,4979400
1.41191537212,4530000
0.242136803874,5086900
0.845404538321,4346100
1.91616766467,3629500
-0.998824911868,2691900
3.08605341246,4726800
-0.402993667242,5370800
0.867052023121,6587600
1.54727793696,4997000
-0.225733634311,3862700
-1.8665158371,8289800
2.01729106628,11253900
-2.82485875706,8864600
0.232552325581,4855900
-0.638045280629,6046000
1.5761821366,4366400
-0.229879310345,4300800
-3.74423941565,10377600
2.6331476581,6805600
3.79008746356,5298000
-0.280898876404,6166000
1.97183098592,7943300
1.10497237569,7835100
-2.40436612022,6712500
4.14333123498,7654800
-0.268817204301,8172100
-2.96495956873,9070500
-2.33333333333,13585300
2.7303811149,17584700
0.387591340665,9816300
-0.717043574186,8525800
-0.333338888889,6469000
-3.45595894403,8552300
-2.36719976905,9382300
-3.07511513453,10831100
0.0610189176949,8894900
0.853652439024,7885500
0.181384533336,5190800
0.060350030175,8639200
2.83474065139,6948100
1.52493255132,5171200
-1.38648749934,5781600
-0.17575278266,5274000
1.46713623633,5456800
-1.15673806575,4013900
4.50557077271,10444000
-0.167978713999,10178500
2.91643297813,10375600
-2.94277384196,7279400
-2.8074114089,8020300
0.0577642947565,6282200
-0.981524249423,6717800
0.641405247813,8685000
-0.927004581286,7745200
1.75438596491,4548700
-0.114942528736,5862100
-0.0575373993096,6131000
-3.05124352332,9307900
-1.18764852658,8393400
-0.781238027719,9779600
3.57358548918,5544300
-1.98829824561,9895400
-2.74463587443,8822300
-2.08588343558,11448300
2.56891587914,6523700
-0.427611484423,7803400
-0.368104294479,8036600
-1.10836213721,7875800
0.809452004393,5300600
2.53243375741,6097200
1.38554216867,5834600
-0.297088532383,4687600
-1.84743742551,4893900
0.121426836673,4180800
1.7586477719,6232100
-1.07270560191,9618800
2.28915662651,2915700
0.588928150766,4772500
0.0585421545667,4687100
-0.526617936022,17499300
-2.23529411765,7152400
-1.1432009627,6711900
-2.00852099817,9094800
-2.67080745342,9174600
0.829610721123,11150900
-5.94936075949,24931900
3.23013437213,13357300
-3.65058042051,11121400
-0.338294993234,9634900
1.56144602851,14012700
2.33957203612,7945200
-3.13521207477,8480900
-0.202292650034,9521100
1.82432432432,9673100
2.1897810219,11431400
-2.92207792208,8541900
1.33779264214,9702300
0.3300330033,5920700
2.56578289474,5413800
1.92431057885,4044500
-0.314663330061,4280900
0.0,6028900
-0.946969756753,7957000
-2.03950937154,10371200
0.195185426155,8990300
1.23375974026,4715100
-1.86016047852,6990700
-2.22221568627,7343600
2.47325518227,9017500
1.23939986954,8180200
1.99742268041,4251600
-2.52684775742,7102800
-2.33311730395,10315800
-1.72527538155,9969200
-1.08035779336,11441800
1.63821843003,7684800
-1.27601754708,6385300
5.30612244898,10062800
0.904392764858,8835900
-0.704218950064,6646900
2.19212751824,8056000
-2.4605615142,7580400
1.22897145996,6526000
3.19488817891,9998700
0.0,6430100
-2.41485448916,8166300
0.571059608435,5092200
0.252359621451,6094700
0.881063617436,7541900
-0.8109794136,5045100
0.754716981132,6798700
-0.249687890137,7370300
-1.3767146433,7804500
1.0152220168,3879000
-1.4447298995,7301300
-0.573607429803,7052300
0.961538461538,10113700
-2.03174603175,10376700
1.29617627997,22598800
-0.83173384517,6878800
-0.967741935484,7982100
1.56351140065,9578000
-2.50159733814,7540900
1.31578947368,5005800
0.454545454545,6567300
-0.775694893342,5808800
0.390885993485,6411900
-0.454263435804,5597800
-1.8252804319,4642000
-1.12883126635,7419500
4.76830790922,9528500
-1.85896794872,8704700
-1.11039835987,8875400
1.05680984523,8502400
0.653594771242,12266300
-2.01299350649,9055000
-2.58448658612,12462000
1.70068027211,7646300
2.8762541806,9559000
-0.715214564369,6688600
0.98231827112,8693200
-0.453955901427,8557300
1.62866449511,7078700
-1.92307692308,8222700
0.980392156863,8845400
-0.517799352751,9452300
2.01691607027,6656700
-0.510204081633,7316300
2.24358974359,7522300
-0.313479623824,13302100
0.943396226415,5384600
0.872267912773,4499900
-0.802952489373,10143500
-0.373605207123,21251300
-0.37500625,6800100
-0.250934771075,7011300
2.45282389937,9034900
0.982203866311,10738100
1.39817629179,11159800
1.73860911271,14961100
-1.00176782557,8514300
-2.44048214286,8852400
-4.0878525984,10994100
1.97201017812,9022200
2.62008733624,7149200
0.243155015198,7713600
2.48636158195,9596500
-1.24260946746,6467300
1.73757350135,17433500
-0.765606595995,6800800
0.059353115727,10423900
3.61802469644,13133700
0.858614768174,8029900
-0.851305334847,10677400
-0.686891814539,15195300
1.4409221902,3656300
-1.02272727273,5795800
1.03329506315,2558100
0.284090909091,10782000
-1.24645892351,17584500
-1.37694205393,10149600
1.80337997693,7806800
2.57142857143,12941400
-2.45124791086,7775700
-0.74243856411,11301900
0.115074798619,5211500
0.0,7072600
-0.804591954023,5813300
1.15874848443,6507800
-0.916385972716,7932800
0.693641618497,8501200
-3.96096440873,8456400
1.61386730424,13718300
1.17647058824,14248500
-1.45348837209,12307000
-0.294985250737,12567000
1.47928994083,7759300
-1.10786588921,8935000
-1.59199283066,7817200
-2.33672272838,18728600
1.47238650307,17545500
-0.906892436934,10181500
-2.56253218807,9136700
1.25234815279,7041400
1.3605380334,8771900
-1.34227585981,8714600
1.11317254174,8832400
-2.69112538226,8085800
-1.31993077813,9891100
1.14649681529,18084500
0.755667506297,6804300
-0.625,6212400
-4.90566037736,17500200
2.18253968254,12739400
1.55339158576,10217900
0.509885309744,10551200
-2.02916930881,8748900
-1.16504854369,8933000
3.47085789129,22629600
0.949367088608,9563300
0.564257053292,6530300
1.37158362666,8817700
0.861002407072,6414100
-1.46340853659,10570900
-1.36139843061,8796100
0.627352611503,8849300
0.249382808565,7680700
-0.497512437811,7994000
-1.25,7924700
-1.13924050633,6063200
3.39308578745,8230500
0.495356037152,6603300
0.862600123229,6598400
-0.305436774588,7236000
-1.96078431373,8097900
-0.24999375,4347400
0.939849565172,6611000
1.11730595175,11304200
-0.798023376183,6301800
1.48514223483,7057000
-0.365859756098,3907200
-1.95837833283,8088800
0.936329588015,8422500
-1.48423005566,9760800
2.13433772756,9270100
-1.04486785495,5306600
1.24223602484,10071500
-1.22699386503,10074600
0.931677018634,13406700
-1.47691692308,11170400
-0.187389120088,15719800
0.125156445557,29333800
-1.875,20361700
-1.33758598726,11118200
-4.32536503069,18449800
1.68690958165,18263800
1.79163238222,15500900
-6.45370967756,16247600
-4.52961672474,16318700
-4.96350364964,23490900
4.07066052227,14481300
-1.10701107011,15591700
4.02984328358,19086800
3.15639190505,17653100
0.347705146036,11313200
2.2176022176,11330000
-0.813559322034,12876200
3.8277443609,15278100
0.197504950461,11565700
0.065703022339,10882400
0.393952724885,11049000
4.12034690127,10975200
-0.0628077889447,15771300
1.19421111287,10323600
-2.42235403727,5813200
0.891145710303,11451500
-2.4605615142,9069300
-2.91073719853,13465700
2.19852083954,6038200
1.62972631224,12425300
-0.898005189096,11925700
0.0,9407400
2.52426537217,9015500
-2.14645846884,8331900
0.645161290323,8729100
-0.064108974359,10456300
-1.09043624698,8855400
1.29701686122,8568900
-2.68886043534,9823000
-0.263151315789,11411200
2.24273731908,9533800
0.0645225806452,7475600
-3.09478381078,8628100
4.59081836327,9210100
-5.53435114504,21738200
-7.07070707071,31829500
2.89855072464,18428700
0.845070422535,8927500
2.09497206704,13437600
1.09439124487,11092800
1.42083220568,7843800
-0.266837909729,12471200
-3.07692976589,13531900
-0.966176740247,13200300
-0.627170731707,8580900
0.560995753086,10581500
-0.627608133027,8775500
2.31578947368,9096800
2.12619341564,10303700
2.82069864477,13940000
-0.065323313826,10951700
-1.43790849673,9647700
-1.3925729443,7260200
0.53799596503,7788700
-0.535117056856,7132300
-2.35373234701,18019300
-1.03305785124,9966300
4.03618649965,14384600
0.73579264214,12409600
0.13279547591,9324600
0.79575596817,9187900
1.31578947368,13087400
0.714292207792,2130700
1.67633129102,5938800
1.71210526316,7052600
-1.74562355023,9096100
1.14211921687,9876300
0.188212056977,12332500
-1.25234815279,8950100
-0.570703868104,12665600
0.191332908163,9563500
-1.33673447888,10739000
1.09677419355,9767900
-2.04211869815,8733000
0.977198697068,12839000
-1.29032258065,9585500
1.96078431373,10426100
-0.961538461538,10583300
-0.970873786408,7540500
0.653594771242,7852300
2.53246103896,8265300
0.0633375594261,9815200
0.949367088608,9256400
1.9435799373,11970300
-2.46002444895,14869000
0.315258492102,14177800
2.38842222574,13487500
1.28914065618,13103900
-0.727272727273,8965400
-1.77045787546,9623400
0.745817324165,12595600
-0.123392959692,10775000
0.679437966611,7636300
-0.490797546012,6958700
0.86313810111,9637800
0.488985300184,9537000
0.547451371499,11137700
-0.423466424682,7715500
0.182247862561,4446100
-1.1522074683,13207900
-0.981601226994,10326300
1.17720577306,10840800
-0.428652786283,8272800
1.66051035298,9767200
-0.181488203267,21218800
2.0606,9235000
0.890736394937,12312700
0.117728082268,10450300
0.705461451766,10299800
-0.758902510216,10372200
-0.411764705882,9867500
1.00413467218,9287300
0.643280701754,10728900
0.406734433078,10504800
0.694444444444,11008100
-1.03448275862,11715200
-0.987224157956,13699700
0.879765395894,8958500
-0.581395348837,6783800
1.16959064327,7565600
-0.115606936416,9679300
-1.21527777778,8467300
0.41007029877,7189700
-0.991826195556,10629800
1.944608132,12054700
1.21387861272,15822000
1.65619065356,10988800
0.449438202247,14221000
-3.35570469799,19201900
-0.810190972222,9189200
-0.408395589755,9155700
-0.527240773286,7253800
-0.471142520612,10962900
-0.591715976331,6522400
-0.654767857143,9796300
1.01858604066,8894200
1.72004141637,7153200
-0.116618075802,7632400
0.525394045534,8077500
-0.754941927991,6461800
0.292568770776,6078700
-0.583430605801,7144300
-0.880281741801,7061200
-0.82888696441,9954100
-0.417910447761,6943100
0.0599460431655,12226700
0.778915564944,13024900
0.594530321046,9721200
0.295508274232,8833600
-1.00176782557,7351500
-0.833327380952,12636600
2.28090022324,6084500
-0.293427247267,3005800
-1.41258984182,5482100
0.65672238806,5624900
2.31316119139,7720200
0.289855072464,7777600
0.404624277457,7682300
-2.76339090386,10670700
-0.888099519722,3398300
0.418172067991,12977000
-1.13028547708,7237600
0.661853188929,6569200
0.537955768081,4986400
0.178359096314,5337800
-1.12759050445,8531800
-0.900360090014,24130900
-1.51423370598,9788400
2.6445139825,10999300
-1.437980913,6686100
-3.64741641337,14358900
-0.1261829653,12337900
-0.0631711939356,12226600
-0.252844500632,12921000
-0.697084917617,8510100
2.55264837269,13503500
-1.68014934661,10595300
-1.20252531646,9692500
-2.8187121833,15448000
4.87805537245,11426600
0.125700809195,14885400
-0.816070307596,18298200
-1.77215189873,19701700
-0.644329896907,17960300
-1.10246433204,14698700
2.29508196721,14994100
-0.833333333333,17805200
1.68067226891,14153900
4.51366179275,16180300
-0.304136271541,8646300
-1.52532041033,10827700
-1.36306699895,11632500
1.57035175879,8550200
3.21582560297,10424700
1.01858604066,10925200
-0.652437683723,10877400
-3.88059701493,16050700
-3.72670807453,17477600
-0.258058064516,13167500
-6.27426867566,14443300
-2.27741906676,23307500
2.6129871036,18166800
-0.0688231245699,16255100
-6.33608815427,18626000
-5.73529411765,19179000
-0.936037441498,23806400
-0.629921259843,26215900
4.91282884311,19264600
1.5861103917,14974800
5.57620817844,18273100
1.54929577465,17775500
2.28848821082,17855300
-6.10169491525,16026900
1.80505415162,12349300
-1.77304964539,13280900
4.25992057762,17274900
-1.3157826396,13820800
3.71929824561,12260500
1.62381596752,9486100
-3.19574567244,7867500
-0.206313631796,8208600
-3.44589914225,11064000
5.42468912029,8590800
0.880162491537,5876500
1.0067114094,10045900
-3.18936877076,9220800
0.823603294441,11599700
1.76991843226,9458600
-1.53846153846,6587700
-1.4266236413,4754300
3.37697426761,11714800
-4.26666,27455700
-2.08913634477,13072700
3.41392578848,10027300
-3.0261281311,5542900
-6.31204964539,15345100
1.58969707875,23135300
1.04322652757,14729800
5.45721936156,17276900
-0.279713286713,10158700
2.59466321216,9491800
2.18728639781,11841900
-4.81605351171,11593400
-1.26493323963,10923800
0.711743772242,8989200
-2.12014134276,13397800
-2.38267148014,16347800
-2.36686390533,13879800
-1.36363636364,20643400
0.537626728111,15421500
-1.06951115886,20344600
-1.23552123552,17379600
7.50586395622,20728600
1.74544727273,15793000
-4.78912829086,17309100
4.57957957958,18389500
4.23546302943,20507700
-3.0303030303,16827300
-4.04828835227,15645800
1.4803847905,14284900
-2.18818364783,15014700
-2.08800133572,19090200
3.1987814166,15568300
4.79704797048,16443900
-0.774654929577,10661900
2.76792780468,17757900
-3.31491712707,23258900
2.5,17305600
-1.18466898955,13838100
-0.84625528914,11367400
-1.99147212009,17564200
-3.62844702467,19602900
3.84035391566,14611100
-0.725163214298,9131900
-1.02263703599,9972600
-4.50185239852,14736700
4.32767421389,12456100
3.03704444444,13888500
-0.790805119281,8098300
0.724637681159,9006200
-0.0719496402878,11096700
-1.7998561411,10939600
-1.61289601268,13128800
0.0,9951600
1.49031296572,6069800
0.440528634361,9574300
-1.38889619883,10817900
1.8532247482,11028000
0.43668853251,7731200
1.30434782609,8904100
0.0,8477800
-1.28755364807,8199800
1.37680434783,16626400
-2.57325965499,12481600
-0.953778429934,8635600
-1.48148148148,11170500
2.55638345865,30407200
-0.659816763916,6414000
-0.295195571956,7728300
-1.55441143195,10703400
-0.601503759399,12827800
-0.680786686838,12751900
-0.4569687738,12864800
1.60673297628,10971100
-1.73192771084,8996100
0.0,13813600
0.613026819923,12446700
-0.685460776847,11533500
-0.996917254365,11718700
2.47869074526,9995600
0.302343159486,13121900
-1.80859080633,10295100
1.22792785879,15468800
0.833972769824,15969200
1.95489473684,6646200
1.32741878116,2426900
-3.20232192157,6704000
1.87969924812,10532300
0.442811808118,6923400
2.93901521389,9026900
-1.21343317534,9050700
2.16763021442,14313100
-2.47524769981,13946400
-3.19071089128,12533700
0.973782771536,13807700
-0.296743323442,10254800
-2.30654035019,10783300
-0.304653465347,11603500
0.152803678595,8638800
0.228817678961,9711700
-1.06544148139,10569000
-2.69230769231,13303200
-0.790513833992,17196700
-2.23107569721,23921200
-0.977995110024,19044900
-1.48148148148,14693600
-2.75689223058,18526500
2.66323024055,16172400
3.09623430962,22703600
0.892857142857,15467600
1.04585679807,15787900
0.796178343949,8904100
-1.57977883096,13058600
0.481540930979,10244100
-3.67412140575,15893200
-2.40464344942,11079400
1.18946474087,11232100
1.93115029387,9584000
-3.29489291598,7999000
-0.76660988075,10937200
3.60515021459,15205000
1.24275062138,5208300
2.45499181669,9204400
-2.07667731629,8528500
-0.89722675367,17941900
2.71604938272,10413600
0.0,10227400
-2.16346153846,14299700
-1.4742014742,20435100
0.997506234414,14211700
0.905349794239,17511800
0.652528548124,9017800
-1.13452188006,13110300
-0.409836065574,9832100
0.164609053498,9356900
-2.95809367297,10971300
-0.677392040644,10516600
-0.170502983802,13116800
-5.55081127242,21276600
5.42495479204,14326600
2.91595197256,18334800
3.75,17103700
-3.29317269076,23234000
1.16279069767,15196800
-1.97044334975,14467400
2.51256281407,16112500
-4.00326797386,12651200
3.57446808511,14823800
-0.657354149548,11181200
-1.98511166253,11809500
1.18143459916,9230000
-3.25271059216,12092100
2.75862068966,12141600
1.84563758389,15110000
1.97693574959,11164900
0.565428109855,11667400
2.9718875502,17756300
-2.02808112324,18428800
0.31847133758,16367200
-3.33333333333,14219700
0.656814449918,13790500
0.489396411093,10045000
0.892857142857,12559200
-1.85036202735,10207700
0.737704918033,7972900
0.162733930024,9421800
0.812347684809,10101400
-2.65914585012,10440300
-3.06291390728,12187700
3.33048676345,9742700
-1.65289256198,14211100
-1.26050420168,11039300
3.40425531915,12073700
1.06995884774,9281400
2.52442996743,10685500
0.635424940429,13992100
-2.20994475138,12209900
1.29136400323,9900100
0.239043824701,8747800
-0.158982511924,19197400
-0.716560509554,12233000
1.44346431435,14853200
-1.97628458498,12898300
-3.3064516129,12727800
0.500417014178,11634500
0.912863070539,15125500
0.986842105263,16253900
-0.895765472313,7688800
-0.410846343468,4548000
0.660066006601,18500200
1.6393442623,10017200
-0.0806451612903,4938500
0.484261501211,9183300
1.84738955823,9767700
0.867507886435,9573400
2.18921032056,14974200
-1.68324407039,13498900
1.94552529183,12008000
-1.29770992366,6543300
1.62412219644,9814100
2.20700930038,14378300
1.9359568131,16369000
-1.38786715762,11089300
1.62962962963,12162600
-0.947529154519,14955900
0.883016989184,12171500
-1.02115966294,17262400
1.47383935151,20410300
-1.30719680465,8693400
0.294341449179,17101700
-0.366837857667,15821600
-0.515456553756,14782200
-1.11028859287,34735600
-1.49700587597,17399600
-2.27963508513,14129200
1.7107230396,11532600
-0.993883792049,16195900
0.308872586873,7399700
3.2332719964,10883300
-0.671148346671,11484200
-0.900900900901,10145600
-1.96970454545,14190600
1.85472193622,6504900
0.910470409712,6975100
-1.8045037594,11219600
-1.07198307259,10271400
1.5479876161,10986400
-0.228666158537,10359200
-0.458357559844,10449900
0.767459708365,8120500
-0.990099009901,8095600
1.46153076923,10144600
-2.19862791498,8350100
1.70542635659,8613500
-1.60060213415,14386800
0.619659130933,12021600
1.4626713982,14071900
-2.35204855842,11922200
0.621600621601,8859100
1.62162934363,10775900
-1.67174759333,13012500
1.77744217755,11196500
3.18905846621,16051200
2.13392951685,11063700
-0.21613832853,9833000
-0.505415162455,8501500
2.46734397678,9080600
-0.424922096317,8458900
1.13797289204,8262000
-0.210977496484,8520400
-1.47990849048,9836100
0.929907010014,10396000
0.921318148737,5603900
-1.05337086049,5765400
-1.49041174524,9610700
0.576376080692,19594100
1.36102425781,8805500
-1.27208480565,9695600
0.930565497495,6076100
0.283680851064,11536400
1.13154887776,12959300
0.629363636364,11498100
-1.32035450454,10701600
0.985908450704,10546200
-1.5341632869,10258500
-0.779029745042,9363100
0.0,8623600
-0.785160543529,11621900
-1.15108633094,11363200
1.16449062333,9243400
-0.287762589928,8324900
-0.865815233347,11202100
-0.727802090815,17353700
-2.05277141149,14001000
-0.299408660224,12651500
0.525518018018,11767100
0.672150909048,16077800
-1.70623145401,14410000
-0.528301886792,11600700
-1.66918816388,18394200
2.62344887165,14264400
-0.751879699248,12135300
2.27272727273,13343100
-0.740740740741,7232700
-0.746268656716,9582300
-0.451135338346,9935500
1.96375392475,11332700
-0.296288888889,7711200
1.93164175842,7810200
0.291552478134,9038000
0.218008705087,9619500
-0.725163214298,7923200
-0.730460243277,11094700
0.0735908810589,5640400
-0.735294117647,8056800
-1.18519259259,11448400
-1.42428046659,11754300
0.0,5677400
1.21673764259,5561700
0.450781333525,7693700
-0.0747868362004,9117700
0.748502937986,13717500
-0.668655225211,9846100
1.72026925954,11614400
0.441183823529,10888200
-1.53734249361,11102500
0.743494423792,12585700
0.590405904059,11011400
-0.880403521643,6692600
-0.222065120499,5763600
-0.593471810089,7866000
0.223880597015,10774700
1.48920327625,11526300
-2.4211298606,10462000
-0.751879699248,8182200
0.0,11254000
-0.681810606061,14064200
1.14416467245,8096000
1.28204364389,8702100
0.148920327625,10107700
-0.148698884758,7712000
0.670141474311,5078400
-0.295857988166,30295700
2.07715875371,10632000
-0.290704920734,13385600
0.655983965015,13058300
0.0,8238900
-0.796531441236,9344900
-0.073,6385400
2.33748738769,18789400
0.0713704445845,10227400
0.356633380884,10150100
0.142139303483,10802700
0.0709794230645,10062300
0.709219858156,10955800
0.704225352113,16814900
1.53846153846,12945200
-1.03305785124,18190800
0.556715379262,8714400
-0.761252595156,7711200
0.209212009011,2722200
0.347947112039,4147600
0.416088765603,7282800
1.79557320442,5411900
0.881960711124,4391700
0.672494956288,7485100
-1.26920507682,12542900
-2.63870771313,20606700
-1.25085484718,15125000
-0.562990811894,19740200
0.70771408351,8705500
0.843288826423,7482200
-0.836236933798,12238500
1.82711876318,13805200
-0.207025549139,11312700
1.10649369941,6881800
-0.820793433653,11221900
0.965510344828,9671400
-0.683060155947,9120000
-0.206313631796,6786700
-0.413514788869,6632500
0.138408304498,8023500
0.62198341396,8670600
-0.618138693809,10332900
-2.21147201106,11298100
0.424035335689,8461200
0.140738906352,7090500
0.281096275474,6480000
-1.19131044149,8733500
0.0,8397100
2.34042553191,12244900
-0.554400554401,10165000
-0.1393728223,7972800
-0.279141660851,7251000
-1.67948927078,8000800
1.06761565836,4149200
-0.140845070423,6304600
0.98730606488,9582000
0.698324022346,14822900
1.31762135922,14046300
1.16357966026,7724500
-0.947232746955,12734000
0.478155770366,9123300
1.35961921417,9685100
-1.40845731667,12686100
1.56462585034,11158600
1.54052913597,10619900
-0.527711046985,15001400
0.397871352785,9942400
-1.1888904352,17426100
1.13635687591,7622500
-0.925320555188,8294800
3.13543716714,17433500
-3.04011623285,23024600
-1.40092737831,17314100
-0.541271989175,15337600
-0.136054421769,11044100
1.22616485014,12304000
-0.874838433726,17265500
1.62932790224,11019200
-2.07080160321,12448000
-0.272858098714,13737300
0.0,14629200
-0.136798905609,12210700
1.16438356164,11299800
0.609350033852,8008800
0.269172256449,11017400
0.26844966443,15536100
-0.267730941615,15873500
2.28187248322,13327300
2.36221144109,12341500
0.128205128205,15119900
-1.6645262484,17423600
1.23697257572,8338400
2.7652733119,11076100
-0.938673341677,10743200
1.32658875553,9942000
1.43392153578,17554200
-1.04486785495,9819700
0.0,10792000
-0.869559006211,53236100
0.0,12139100
0.438590198083,9109100
0.374291952589,9773000
-0.683648271202,10223200
-1.25156445557,11593000
-1.77439797212,20194600
-0.451612903226,14004200
1.55541153597,6112500
0.510529674537,9921300
0.825396825397,8999500
-1.32241813602,11730300
0.829610721123,13451700
-3.29113924051,17059900
1.43979057592,9147700
0.0645225806452,10080000
1.67633129102,10617700
0.760932149651,13976500
-1.69917568906,15964500
-0.44814340589,15976400
0.836012861736,17895900
-0.701530612245,5767800
0.19267822736,10614300
-1.08974358974,12635100
0.324044069994,21438400
1.22739018088,12919600
-0.574345883854,15486000
-1.34788189987,16001400
0.910871828237,2515800
-0.322372642013,10755300
0.646830488562,15372200
0.385597661594,9591200
0.384122919334,13912000
0.701524234694,7492100
0.633312263034,8793800
-1.25865332024,10016400
0.637348670322,10216500
0.0,5517200
-1.01329328773,9303900
0.895713371721,9242900
1.77552314521,9811900
0.560741433022,10962600
1.30112151804,25268400
-0.0611681957187,10305300
-1.89717881868,12521300
-0.0623830318154,35471000
0.749057428215,9766900
-0.74348827407,6264200
-0.624219725343,10952100
-0.879396984925,16510700
-0.697084917617,12942300
0.638162093172,10250500
-0.380462904249,8868600
0.63653719691,3580700
0.379500292252,8485100
-0.441083805923,8121300
0.696208860759,8416600
1.13135128024,6859100
-0.807942871842,5278300
-0.375946091733,5509300
0.0628993710692,6192800
0.565675640121,8753600
0.06250625,6364800
-0.312304789987,6057300
-0.438608995075,8777200
0.0,7745000
-1.69917568906,10597800
0.512163892446,6394900
-1.08280254777,6360800
0.450740502254,8373700
0.256403846154,7936800
2.87723803563,15297200
0.248607846402,12037600
-0.929944203348,7519000
1.81476846058,10135600
-1.22925629994,12280500
-0.248911014312,12812600
-2.12102932002,15543800
0.0637412405189,9620600
1.27388535032,10751900
-0.754716981132,12564300
0.443599493029,10450200
-0.820189274448,8713600
0.0,8063700
-0.699739185751,9763700
0.448424058397,6633600
0.0,8361300
0.255102040816,6108700
0.508905852417,5987600
-0.696208860759,8412500
0.0637412405189,5263400
0.955414012739,6412600
1.261829653,9301900
0.311526479751,6034800
-0.559,16403000
0.499675171788,8762400
0.621504078403,7569700
0.926497895398,8263200
-0.305997570746,5009000
0.0613934967092,7425200
-0.184049079755,9055000
-0.553165334972,7738600
0.988868974042,7764100
0.550801747295,8347700
0.0,9522600
0.0,7681800
-0.608642726719,8080100
1.10227189222,9859500
0.0,6744100
1.87764373848,11878700
-0.89179548157,12364500
-0.179970005999,14207900
1.20192314915,11251900
0.593824263291,8751600
0.354197187379,16958500
-2.23529411765,36244900
-1.32370637786,29445900
1.82926829268,14723000
-0.23951497006,11852400
0.840330081613,13243800
0.77380952381,17081500
0.295333727112,10873600
-0.765606595995,30016000
0.237382789318,8202400
-0.710473695114,10604000
-1.0137149672,13907300
0.0602469879518,9865700
-0.180620097494,9180100
0.241254523522,5827000
-0.361004813478,10641100
-0.241551917781,8114900
0.544800242131,8130700
0.180602036087,7170200
-2.34374413123,14108600
-0.307692307692,8796600
1.41975308642,13192900
0.121728545344,15938500
-0.911854103343,11176700
0.368104294479,7026400
0.305623453202,8259600
0.426563045304,10917000
0.910194174757,9515200
-0.360793746242,12003400
-0.362094146047,6257200
0.181695930848,8627600
0.241844029132,11245600
1.26658021713,10696800
-0.714705224223,13072100
-0.719856028794,10360400
-0.664658610272,10762800
0.973242151657,19397800
0.301204819277,8750900
-0.18018018018,15085600
-0.300842358604,8032600
0.784550392275,8780100
-1.61676646707,9504900
1.46074254413,7466900
-0.419916016797,4699100
-0.361451807229,7618100
-0.42321042462,8084900
0.607164541591,7720300
-2.11225105613,17281100
-0.493224414303,21423600
-0.433698911629,7838200
0.435588052271,9095100
-0.991319764022,12678400
-0.125150187735,12930500
1.12780694688,10242500
0.185879813252,10366700
-0.309214594929,12544400
-0.0620285359801,8416100
-0.496592147946,9469300
-1.87149095446,17977500
0.953591862683,8085000
0.566750629723,5089200
0.375704445836,8124600
0.748596381784,5137200
0.247671826625,1131700
-0.432359507867,5417000
0.0,4197200
0.0,3397900
0.372208436725,2857700
-0.679851668727,2328000
-0.0622215308027,8257900
-0.373605207123,8852900
-0.9375,9859200
0.757097791798,9464500
0.313087038197,12118000
0.187265917603,5960800
-0.0623115264797,11112800
-1.05984420573,12037200
0.693131695022,9927800
0.876095118899,9862800
0.24814516129,4650500
0.618811842895,10589300
-0.246008594956,7688600
-0.801485819975,8152900
0.745817324165,8684800
1.11041325661,13221200
0.793172714654,9803900
0.121059322034,9561500
0.12093108349,11118200
-0.785030145832,7794600
0.121728545344,8930300
1.82370820669,11662800
0.597014925373,10151400
-0.296735905045,7849800
1.07142857143,9142700
0.117785630153,9489500
0.117647058824,8904700
-0.411280846063,11987600
0.0590029498525,10839100
1.41508835996,12449300
-0.116279069767,8056500
0.407450523865,10207100
0.0579768115942,13719000
0.926992993801,16652300
1.205510907,17996300
0.567214974475,10566100
-0.733220530175,15277500
-0.511357954545,13102700
0.171319236361,15246600
2.45154517968,12745600
-0.222593210907,17229300
-0.0557724484105,15099000
0.334821428571,14839600
0.500556173526,11033100
1.1068068622,10934800
-0.437881773399,11371200
0.0549807616812,8762900
0.274725274725,11836100
-1.80821917808,16366400
0.167410714286,7972900
0.278551532033,6207800
1.44445,11654300
-1.20483016403,13892200
0.110875837632,8603800
1.16278509619,12172300
-0.547345374932,6532000
-0.0550302696753,10051600
-1.48679507231,12670800
0.447182808674,10577400
0.445186421814,8196200
-0.886432132964,8398400
0.894360027633,9582300
0.443213296399,9109900
0.772200772201,10584600
0.766288998358,17575600
-0.162960338785,17043800
0.652883569097,18319200
-0.972972972973,12015300
-0.218340611354,18535900
0.437642231947,15768700
-0.490201498355,10664800
-1.42309250137,14912800
-1.99889494731,17873300
-1.81303116147,17758000
0.461633006347,11537000
-0.28719125289,11744200
-0.633646276864,9993900
1.44927536232,6904800
1.20000571429,7533600
0.338785977482,8162600
-2.58862689927,14118400
-0.0577758487709,10178600
-0.28901734104,8966100
0.347831884058,4674900
0.173298661277,11124800
0.0,11790800
1.67243954282,6093100
0.964265456608,6961800
-0.337084269663,7249800
0.0563754259513,7659500
-0.338033802817,8737200
-0.395698156908,14073200
-0.964812712826,10680100
-0.916911174785,5683700
0.173516493552,28642900
1.44341801386,14408500
0.739897552647,8838700
0.0,22544100
0.79095480226,9305800
-1.06501687584,7164900
0.509909348442,6962200
0.901922260537,15195800
0.279329608939,5835200
1.0584902507,5155800
-1.04740358585,13229700
1.83844011142,9106400
0.492341356674,9754100
-0.272182906913,7915400
0.818777292576,7941300
0.21657282079,9735800
-0.270124242565,9459000
1.6793011008,12186300
1.38518913159,8677700
0.367840252233,8439400
-0.314141361257,10581000
0.420173341396,8038400
1.46443514644,16540400
0.0515515463918,12936700
0.051514680499,9267600
-0.257466529351,9718000
0.826019617966,7718200
-0.153609831029,9261200
-0.666666666667,10033400
1.23903458957,11412000
-0.86691479516,11448100
-0.051435187831,9193800
1.28667009779,7990100
1.21951219512,9480400
-0.602409638554,11823200
2.17171717172,12542200
-1.33464656451,37337500
3.45690864444,15690400
-1.11380145278,10216700
-0.391777668952,10248700
1.27827439913,12281900
0.873786407767,11340300
-0.962463907603,12423300
-0.145772594752,6805100
1.4598540146,17297500
-1.390882494,11371600
-2.2373588406,19763800
1.54229353234,9983400
2.15580097228,8705500
-0.959232613909,7329100
-0.387409200969,5438500
0.0486144871172,9834800
0.583090379009,9062300
-0.193231884058,9007200
1.25846557316,6730400
1.00382409178,10530800
-1.27779933743,12219800
-1.24640933622,7787000
1.31067961165,4414600
1.29371825587,8878000
0.283826881922,10324000
0.660372641509,8081300
-0.374873494605,7147500
-0.188151449287,3127000
-1.60226201697,8581400
0.239463601533,10582000
-1.14668418538,8825900
1.69163855445,8657600
0.237642596846,5470300
-1.232807076,7943700
0.48007681229,8002100
-0.955566172957,8979500
-0.77182826821,7890000
0.437535245503,5759500
0.580827658237,6539500
2.55053416747,18460200
2.29938515723,14778300
-0.45871559633,13004200
-1.0599078341,8113300
1.11784350256,8648100
0.36848455235,11037000
0.0458972026571,9150900
0.366972477064,7589500
-0.319922303473,7439500
-0.87116456345,9569100
0.462534690102,7573900
0.230202578269,11793400
0.872765273312,17974900
1.50272306454,12666000
-0.0448586830354,16327900
-0.403954219031,10651200
0.0,12444500
-0.495714308054,9471400
1.67572463768,16100800
0.267265033408,12925600
0.755215426245,12332800
0.308641975309,7118400
-0.17581978022,8042100
-0.572439428779,8033200
-1.01860053144,9851900
-3.17673825503,19800200
-2.17189936099,25078500
0.566835144072,13865500
0.187886340436,9933900
1.07829817159,9665900
-0.69573280632,7595600
-1.68146185514,13733300
-2.85035629454,28734600
2.05378973105,17892500
-0.622908481073,13076400
-2.16972045177,16029900
-0.04928043614,13026300
-0.690340236686,15582600
2.53227917241,8861600
-0.629539951574,12347200
1.26705653021,14220600
-2.64677574591,12801400
0.0988630746416,12824100
3.40740246914,11961000
0.525315211333,10967000
0.237529691211,13777800
2.51184834123,16104000
0.369861303745,15212800
-0.829115576734,7415500
-0.418026010218,10482600
-0.186562508702,6784200
-2.89719626168,15395900
0.192492781521,10069400
1.82516810759,11764100
1.27358490566,8277800
-1.30414997671,11883500
0.991038272347,8592200
0.841121495327,11826800
1.52919833179,9224200
1.73435866114,10882200
-0.583212228946,9932700
-1.75993223105,5760800
0.321538814883,4196700
-1.69413469295,12087700
-0.512338146251,11403300
-0.561807089803,16796400
2.49529672765,9619900
0.597152044097,6410700
0.319634703196,6793600
-0.500678197542,7496500
-0.823426311829,9277300
1.10701107011,8975800
-1.00364963504,8678700
-1.24423963134,9167600
1.81987867476,9628900
0.0916544454629,8723400
-0.915750957681,11016700
-0.508313332177,16878500
-0.696702275894,10261100
0.0935453695042,12064800
0.654200934579,8741800
-0.185696387451,5402400
-0.186041860465,3006700
-0.326197561687,3489400
-0.140243110811,4727800
0.187261227188,4356800
-0.841121495327,5864500
0.754005655042,2138400
0.795135640786,10182000
-0.324825986079,10161300
-0.232774674115,9749700
1.2599160056,9651100
0.829493087558,13710500
0.0,7845800
0.18281535649,9989500
1.77920164234,11953800
-0.537884332681,10796600
0.721050055027,6851800
-0.178966442953,9248300
-1.38951584986,14000600
0.454545454545,10882100
-0.452488687783,12540000
-0.454545454545,12568000
-0.0456666666667,11612700
0.365468267038,11450100
0.318611743286,18034900
2.54083949822,14079000
0.796460176991,10686100
-0.263388937665,17772300
0.396131161972,10005600
-2.80579119659,11364400
0.586377988272,9183700
0.358744394619,7277600
-1.20642984808,11411800
-2.35188591805,16034900
1.52849011248,11425000
-2.18978558394,12455200
1.63246276271,10020300
-1.19320335903,10345000
-0.418026010218,17454800
0.18657183706,9538800
0.605218808194,9950900
0.509018949143,5859300
-0.0920810313075,10511600
-0.921658986175,11565200
-0.232558139535,12921700
0.279724941725,9898300
-0.139474656463,7692000
-1.76908752328,9956200
0.805687203791,10353500
-0.846267042783,12462300
-0.379317229934,13244900
-0.523564944143,11730700
0.0,14383500
-0.0478516746411,15573300
0.047874583431,11019300
0.909086124402,10296600
0.853489846064,7631200
0.329097320169,6171000
0.749770419389,9078300
-0.976748837209,7991400
0.563654324267,14394100
-0.467071440118,6966300
-1.03238850153,11048100
0.758658167788,11631100
-0.0470635294118,7652000
1.69492004213,12338100
-0.462962962963,8087100
0.604651162791,10438300
0.416088765603,10431000
1.38121546961,9227300
-1.1353315168,9051100
1.05649977033,8658300
-1.77272272727,9612700
1.01804252577,8744900
0.320659642694,10578300
0.867575342466,19283800
1.26754645847,8285200
-0.93875279392,14218000
-0.406141678423,9964600
-0.0453058450385,6690000
1.0426019473,39469200
0.717815195954,38198800
-0.311804008909,49169800
1.34048257373,48397800
0.705462962963,41004700
-1.05078375879,40335900
-0.486730088496,35876500
-1.20052917744,56556500
-1.3501350135,37710400
1.09489507299,33868600
-1.30866871351,44816200
1.69181069959,55556000
1.57374107796,42231500
-1.06241261896,41647600
0.805369127517,29155200
-1.42032401243,35844700
0.765416444601,59304400
-2.10008489723,150785000
-1.9625786416,117683700
0.884543761639,84902800
-3.09183202584,72490500
-0.0977517106549,14531700
-2.44618395303,16415200
2.10631895687,18686800
-2.25933202358,15997400
2.11055276382,15255300
1.96850393701,15722600
-0.289575289575,3320600
-2.51694094869,13126200
0.496524329692,16290200
0.889328063241,11456700
-0.685602350637,10645500
0.0986193293886,7625700
-2.46305418719,12677900
-0.20202020202,11622400
-3.80566801619,22190600
1.89393939394,11604700
-0.289136720363,8799400
-2.67191383596,16190600
-0.297935731007,12939300
3.39381003202,11865600
-1.01156069364,30450800
-0.208550573514,10504100
1.04493207941,10708700
0.124095139607,12557900
0.764304895683,9399900
2.41902419024,10862500
-1.3610888711,13199700
-0.0608766233766,8834700
0.467005076142,7172300
1.35408245756,10954900
2.59222333001,11997900
0.583090379009,12254700
0.193236714976,3991400
-1.54291224687,7056800
0.587659157689,15667500
0.876338851022,8424100
0.772200772201,6366200
-0.95785440613,16596500
0.773694390716,9349400
-0.959692898273,11936900
-0.77519379845,10669000
-1.3671875,13425800
-0.19801980198,11850000
1.28968253968,12141900
-0.0979431929481,5861100
-0.980392156863,7369300
1.58415841584,6714300
0.877192982456,7747300
1.54589371981,10217100
1.71265461465,14084500
0.374181478017,6863400
-0.745573159366,5513000
-1.12676056338,6813100
-0.474833808167,13421500
-0.763358778626,15273500
0.769230769231,9986100
-0.954198473282,7548600
0.0963391136802,6967600
1.92492781521,8667500
-0.661000944287,8254500
0.190114068441,5573100
0.664136622391,5990900
1.22525918944,8251500
-0.0931098696462,9200500
-0.838769804287,8590800
-0.46992481203,10912900
0.755429650614,5651300
0.843486410497,7868700
-0.185873605948,8821500
0.465549348231,9004700
0.278035217794,6329300
0.277264325323,4720700
-1.01382488479,9842600
-0.651769087523,8987100
-1.21836925961,11870300
0.189753320683,6780900
-0.094696969697,6097400
0.0947867298578,7866300
-2.17803030303,11802700
-1.54888673766,14438500
0.294985250737,8458300
-1.66666666667,12254500
0.398803589232,15065900
0.0,13910100
-0.854021847071,12635500
-0.400641025641,30327100
0.663716814159,8225500
0.0999000999001,13305000
0.998003992016,11533200
0.098814229249,10572800
-0.888450148075,9611300
-0.916334661355,11572300
2.43264977885,11642300
0.490677134446,11725000
1.46484375,11921300
-0.384985563041,9217900
-0.386473429952,7750200
-1.35790494665,10388000
-0.589970501475,13027900
1.28585558853,8856400
0.1953125,6190400
1.16959064327,5571700
0.0963391136802,7399100
-0.0962463907604,8074800
0.674373795761,6790000
0.191387559809,8163900
0.764087870105,7347500
0.473933649289,11191500
0.377358490566,12805800
0.0,12132800
0.93984962406,15780300
0.186219739292,7191200
0.185873605948,6823700
0.371057513915,8026900
0.277264325323,10481900
-1.10599078341,6220500
-0.559179869525,6054000
-0.562324273664,7438200
0.471253534402,5503300
-1.5947467167,8714300
1.23927550048,9341900
2.07156308851,7847000
0.369003690037,8543100
0.735294117647,8339700
1.55109489051,9870800
0.449236298293,10962500
-0.357781753131,8399200
0.448833034111,10441300
0.536193029491,6494200
0.444444444444,9701400
-3.62831858407,16227900
0.550964187328,7297900
0.182648401826,5739500
-0.911577028259,9175700
0.275988960442,5847900
-1.00917431193,7762200
-0.926784059314,11328900
0.187090739008,8960300
1.40056022409,9563400
-1.38121546961,10373100
-1.68067226891,11830400
0.189933523267,9047400
1.99052132701,14306200
-0.278810408922,8111600
0.465983224604,6829900
0.0,6424600
1.02040816327,9056800
-0.918273645546,10071400
0.926784059314,9386200
1.19375573921,10253100
1.0889292196,23899000
-1.25673249551,15574000
-0.909090909091,9656900
0.183486238532,8648200
-0.18315018315,6498800
-1.37614678899,4127800
2.13953488372,4751800
-0.364298724954,3609400
-0.091407678245,4385800
0.914913083257,5359000
-1.08794197643,9971900
-2.01649862511,14420200
-1.30963517306,10732900
-0.473933649289,9802500
-1.2380952381,18443800
-1.15718418515,14412200
1.75609756098,14282200
0.0958772770853,12205300
0.383141762452,9780100
-1.3358778626,8709200
-0.290135396518,11721300
-0.290979631426,12921200
1.07003891051,12753200
-0.577478344562,9718200
0.774443368829,8018400
0.480307396734,11191000
-0.669216061185,10564600
-0.481231953802,11274000
-0.0967117988395,6497400
0.387221684414,8523100
-0.0964320154291,11506700
1.64092664093,12413000
0.0,7870900
0.664767331434,7826400
-0.471698113208,7353400
0.189573459716,7954400
-1.04068117313,7656300
0.860420650096,8454400
-1.23222748815,8379600
0.767754318618,7466500
1.42857142857,13824400
0.093896713615,8632400
0.093808630394,8121800
0.449859418932,5446900
-1.51147602165,8149600
-0.625236832133,9337200
0.0762631077216,7961700
0.723947418556,9347200
1.49423113297,10890000
-2.34811777861,19096100
-2.63358778626,21747000
-1.5092120737,28738600
-0.696517412935,15354900
-1.22244488978,16266900
0.263745181578,13771700
0.971266693646,12424700
0.901803607214,12182200
0.357497517378,12267400
-0.989511181476,8453100
-0.679592244653,9693600
-2.21372509559,19246900
1.50236674213,13637400
-0.446066504461,19746000
1.40529531568,9846500
-0.120506125728,8648900
0.301628795496,8896300
2.24538893344,10628800
1.37254901961,11867200
-0.676982591876,12151000
0.194741966894,7312100
0.89407191448,13509200
1.52186476594,7693400
-0.474383301708,9637300
-0.114394661582,9276400
0.68715403703,9847000
-0.0947867298578,10452700
-0.0189753320683,5346700
-0.322641867527,8094500
0.666412795126,8300700
0.132400226972,9907200
1.3978088402,9008200
0.130402384501,8547200
1.02325581395,10570600
-0.847145488029,11061100
-0.92867756315,13662400
0.993625796775,14983400
0.798217932059,11633400
-0.681399631676,10275500
0.778787316892,8773200
-0.0551977920883,11527300
-0.220913107511,9270000
0.479704797048,7332100
0.991553433713,12089900
1.2,11151500
0.161696011498,12253200
-0.520179372197,6030600
-1.19004688063,8201300
0.36496350365,8874800
0.436363636364,11822800
0.0905141202027,11027300
0.253210345451,6545300
0.0,9564600
-1.46130254375,10228900
1.79421457342,7985200
1.06115107914,18908000
1.05000889838,12280200
-0.387460373371,8944400
0.4243281471,7884200
-0.985915492958,8125800
0.0177809388336,7446400
0.0,1400700
-0.497777777778,6366600
-0.804002144006,7932400
0.864553314121,9572900
1.07142857143,8181900
-0.83038869258,7237800
-0.231605202209,9615200
-0.714285714286,12468500
-0.179856115108,13105800
-0.45045045045,13725800
0.307692307692,7935300
-0.0902201371346,11288200
1.08361928842,11841400
3.62694300518,18462100
1.48275862069,25743400
0.390757730207,9115600
-0.23692672195,9680500
0.542832909245,13949200
-0.286823013329,13100100
-0.659898477157,10239000
-0.357690342361,9517700
-0.854700854701,10874100
-0.931034482759,11099300
3.23703445875,13392200
1.5846257586,12461500
0.149352804514,8120600
-0.049710024855,8585400
0.298408488064,5243900
-0.446280991736,7793300
2.70629254524,10818800
0.646621403168,7981200
-1.79890780597,11605600
-0.96499836441,9541700
3.02229562345,12638900
1.07406219942,10076200
-1.18953211737,9414100
-1.09149277689,11112800
-1.97987666342,10523200
1.22516556291,6672000
-2.73143604841,11858700
1.8160417017,8651700
-2.27910817506,10013100
-2.04495521379,11663500
-1.24223602484,14777200
-0.995807127883,12487300
0.935239103582,10099000
1.88811188811,10437400
-1.52711050103,13952900
-2.31747691235,16622400
-2.40813414199,11945100
-2.01060135259,12613200
1.47360567058,11266700
2.84926470588,11926800
-2.07327971403,12561000
-3.10275597737,13059600
2.56168770013,8499100
-1.72635445363,8536000
0.392450009344,8276100
-4.2442293373,17023500
2.91601866252,20460600
-0.491122024934,8226100
-0.398633257403,9863400
1.56279778921,9471100
0.206417714393,9363200
1.38576779026,7807700
-0.480236424086,3811800
-2.44988864143,9708900
0.875190258752,7940500
2.37646171256,11537200
1.78703021371,10602200
-0.760180995475,4699500
0.98486230166,7533800
-1.15586057432,11522900
1.75406541202,10964900
-2.28048123541,11045100
0.220507166483,8481100
1.5401540154,8271200
0.758396533044,6540900
1.3082437276,8579200
-0.459932779055,7269500
-1.03074462413,8079900
1.84952415155,8904600
3.12059238364,11915100
-0.427423491195,6777500
-0.240384615385,13900400
-0.0172117039587,8124000
-1.56653468755,11123900
0.454704442113,7668100
0.104456824513,8208400
-0.834782608696,9807500
-0.789196773062,11135300
-1.5909492664,14087400
-1.31129872463,10831300
-0.218420094649,9685500
0.237139730026,9045600
-0.49135577798,4896800
0.859546452085,7991200
-0.543970988214,8743100
0.820419325433,14019700
0.524412296564,12897100
1.51106314085,14733600
1.36452241715,14974900
-0.332167832168,10454900
-1.36818102087,10088200
-0.658011737507,10732100
-1.5216612961,9307800
-0.69078349391,10329900
-0.183049606443,8141100
-0.696864111498,12625200
2.23453370268,11559400
1.15606936416,10960300
-0.589285714286,8470200
-0.0359259924555,10710400
-2.58760107817,14748600
0.387382401771,10045800
-0.0918779860346,8573900
0.441419900681,9024200
4.68778611976,27176200
0.139933531573,16292800
-1.60698689956,13344200
-1.36694478963,11845600
-2.62778977682,14986100
1.53419593346,12077600
-0.600764609503,8858000
-0.512820512821,12591800
-0.570692194404,8875600
1.66635808184,11490300
-0.200327809142,11986600
-0.0182481751825,5711500
0.47453914948,6082700
-0.835603996367,8287300
-1.57538010625,11907500
1.06085985483,12543400
0.865561694291,10385000
0.83987584444,9927900
-0.832880680789,8986600
0.0912908526566,7536000
2.75446917184,11145000
0.639091070478,6566200
-0.529193861351,9672200
-0.407873736478,8857300
-0.320512820513,7633700
0.91103965702,10220800
-2.4429102496,12275600
0.653238976592,7521500
-1.24391563007,10085700
-0.83972252647,10117800
0.423416789396,9180400
1.2832263978,8886900
1.14027149321,24850300
-0.143163922691,1266700
0.967741935484,6494200
0.674476393326,4202100
0.193935119887,1579700
-0.897413338026,7519700
2.36150568182,11580100
-0.780572419774,12267300
2.0979020979,14158900
0.856164383562,14571800
-0.271646859083,16608800
-1.68539325843,11392700
-1.24675324675,10830500
0.526038926881,8657200
-2.77341705913,14886300
-2.24255471834,18144400
-1.89025509268,13521700
-0.392817059484,15604000
-6.10328638498,24069000
-0.66,31372400
-5.81840144957,27161900
6.77640017101,22857700
0.04004004004,12149900
-1.42085251151,13494500
1.15712545676,10490900
-2.34798314269,11759800
0.102753801891,13102000
1.49866557175,11955800
0.606796116505,9124600
-2.694008846,13341600
0.619834710744,11443500
-2.03285420945,11446900
0.838398658562,8075900
-0.0831427977551,9469800
2.97482837529,12600600
-0.10101010101,13048000
1.09201213347,9948400
-1.68033606721,12773000
2.13631739573,5676800
1.19521912351,10319800
-1.81102362205,10190300
-0.260625501203,7178300
0.301507537688,8470600
2.02404809619,7223200
0.137497544687,9542600
-0.0392310710082,7477200
-1.05965463108,9325100
-0.852836176121,9562600
-0.780156031206,7314400
-1.45161290323,7784900
1.65711947627,7379200
-1.83135439726,8523500
-1.27101271013,8120300
-0.062292358804,7133600
1.35050903802,9524700
0.430504305043,8486900
-1.30638905899,9778500
-0.827300930714,12912600
-3.94160583942,14837700
2.71385149805,10155300
-0.951173113507,10442800
-2.19803670508,16992000
2.26925594589,9128600
0.192020482185,8772700
0.489778534923,7438500
-0.593346047892,5607000
0.277126412279,8544300
1.42431972789,11428900
1.65583735066,9417600
0.969072164948,10028900
-0.694302634266,9546000
0.555212831585,6755300
0.613496932515,6449600
1.32113821138,8956900
0.210631895687,8123400
-1.81163046742,8003100
-0.530071355759,6282400
1.25025620004,9320400
2.41902834008,7780400
-0.286589583951,6252100
1.48662041625,8446700
0.908203125,9101900
0.164521436175,7781800
1.73913043478,9152100
-0.968660968661,7518400
0.671269658611,6597900
0.428653076777,5112400
1.96338802997,11728400
0.353488372093,8441500
0.723025583982,8987000
0.257684520523,3844300
0.0734349183037,6472800
-0.385250412768,8442900
-0.930018416206,6794900
-0.790036248722,7443500
1.42402098557,8659500
0.78514686865,7988200
1.14563284759,9028100
-0.235592606017,6634700
2.5340599455,11033900
3.11807954646,11239600
-2.15617215016,11719400
1.31694468832,12184400
-0.433275563258,9660300
-1.54917319408,9513000
-0.548090523338,3305900
-1.68888888889,9739600
0.560578661844,9783700
1.5105196907,8719400
-0.637732506643,8515300
-0.686396862186,7097700
0.368010052958,6982700
-3.80969415131,14635600
0.734473782075,8457200
-1.03368712506,10900100
2.06099039448,6713600
-1.32492690058,8069300
-1.10195388462,8340300
-0.917602996255,10230800
-1.16235116235,9015300
0.602352041304,8169300
-0.304124691123,7765500
-1.63965681602,9069600
0.125993409575,13141800
0.0096796050721,13969300
2.06155632985,8343300
-0.483641536273,8788500
-0.29540689918,7004000
-0.831501481411,7923600
1.98535080956,9243200
2.4381024381,12955900
-2.17712177122,9733700
-1.38626933233,8556500
-1.43444582576,13461700
-0.55302221791,5191800
2.53658536585,6163000
-2.01712654615,12255000
-0.407846183725,8188100
-2.79836193448,9591400
0.652021265924,9984800
-0.976679290413,8452300
-2.09339774557,13124300
-2.85773026316,15342100
0.804232804233,14547400
-0.0104975855553,11262600
0.0524934383202,8867300
2.86463798531,10555400
0.0510047944507,7397000
-2.79363784666,9765800
1.47891755821,8576000
1.27131782946,6592200
-0.93896713615,8554200
1.35998351535,8528400
0.426916039845,9315000
-1.23481781377,7041600
-1.06579217053,6123000
-1.63662730474,11659600
1.20050547599,9661600
0.249739854318,7797300
-1.47394643969,8209800
1.601348504,5894000
0.311074243053,6507600
-1.59189580318,8532000
0.714285714286,7201800
-0.730079265749,5918200
1.80710233242,7823400
-1.30030959752,7425900
2.56168966959,10202100
0.183504944439,10293100
0.0814083647095,6342600
-1.38281647178,3968900
0.0412413650892,5698900
1.04091518087,6125000
0.122399020808,7113300
-0.0713121434393,6000100
-2.26322764808,5950100
-1.19954104517,10829300
-2.30152027027,9266600
-2.13961530149,10835500
-2.14222614841,11229500
2.20040622884,9818000
-2.44010157889,10961300
0.316885468538,10131700
0.958935018051,8773600
2.14549111633,8309300
-5.04321190242,20615100
-2.70737327189,15863200
0.142095914742,16665400
-3.03890268417,20296500
9.75609756098,27531500
-0.777777777778,12662300
-1.06382978723,10219600
-1.14318053198,7987800
1.76322418136,10780400
-1.64266426643,6574900
-4.62136810798,12612800
2.13480450947,17612200
-0.504931892907,10632700
-2.39584562729,10489100
3.14389359129,12151400
-8.90973036342,20331500
2.99871299871,18462000
-7.15981506935,30296800
-3.24360699865,16691900
-7.69230769231,37245900
10.3074141049,22725400
7.26775956284,21919100
-6.87722873153,19605200
-9.19037199125,27283600
9.74397590361,22989600
7.10854947166,14186300
0.653427290199,11080900
-6.16089613035,14278600
1.46500271297,17075800
-3.58288770053,21008000
-1.55296727676,16234400
6.15492957746,20215500
13.6393790633,25667400
-4.02802101576,20146600
4.17274939173,16255100
0.432091556697,9998400
3.48837209302,11700200
-3.93258426966,12618200
-6.39766081871,14422400
3.21129576409,13138300
3.02663438257,8855000
-5.17038777908,9105700
-2.63940520446,12184700
3.08005600102,11331200
0.246944067169,13155600
-4.01527281685,10413600
4.606698319,10849300
-4.18302257115,10391900
-4.40404557675,14869000
-1.63385563145,13609900
12.4574540504,19853900
1.12590799031,14455000
-1.08942894768,6754900
2.03340595497,5877200
-2.60972716489,12228200
-6.96711327649,11469300
2.93270489657,10918000
-1.50089035869,13757300
1.04597107438,9098500
-8.86900958466,15943600
11.2887393073,13955000
1.51209677419,12508800
0.471698113208,7136900
2.28564368668,9465300
-3.86520111125,10408300
1.06797336349,7065100
1.93933366484,8271400
1.21951219512,12020900
-2.97590361446,9743500
-1.71364708804,17481700
-2.46367656349,7760300
-1.29533678756,5718300
-0.157480314961,1682400
0.105152471083,4105400
2.94117647059,4959900
-0.739795918367,2244200
5.37136982781,4915700
1.70731707317,7682200
0.215827338129,6895600
-3.73295046662,8883600
1.09371116083,5684200
-1.70887632161,5615200
-1.22576610381,4711300
-0.975053817906,7520200
-3.95140664962,8892900
-2.52962321928,8703900
1.0927468925,12513000
0.256722064586,6000100
-0.539083557951,7552900
-2.11382113821,11310900
-2.09025470653,9749500
1.99349639474,10482400
5.91904629886,10992000
1.68826069886,8476200
2.41956241956,10626600
-0.829354109073,7519700
-0.722250380132,9105700
-0.44671346522,6424900
1.44871794872,5870500
3.53848098066,9011300
-0.476016111315,8177500
2.83296541575,10390000
-0.0596302921884,5948800
-3.56801909308,7491900
-0.791981190447,6825400
0.536360234502,10141100
1.4888337469,6753300
-1.1858190709,4220300
-3.47643201782,9511100
1.25608818252,10167100
-0.177215189873,6845700
-4.26071519148,10978600
0.82119205298,7227900
-0.656857593274,8398100
0.43639248876,7401900
0.434496379197,9939700
-1.73046670163,10679400
-5.74973319104,9961800
-2.19391365888,9939700
8.91461649783,15640600
-5.47435556737,10881000
1.18077031206,12331400
-0.0694637399278,11069800
4.43486723203,12342900
0.306176783813,10355500
0.132714001327,7646400
0.410868124586,7954800
0.791974656811,7645300
-0.916710319539,6568000
-1.61247687021,7681600
2.09564750134,10698100
-0.157894736842,12000200
1.08065366368,7870800
-0.391134289439,8282600
1.75392670157,7748200
0.115770517108,5207400
-1.19491198767,5407000
-5.14954486346,5703600
2.61859062243,6590200
-1.2959251837,7247000
5.30590146183,11684800
-3.1233933162,8748400
-1.81769934987,7901200
-1.17567567568,6807100
-0.396554081772,6932700
1.75727622186,7398900
-1.94279546681,9240200
-1.03192074849,6595000
-0.458779368831,7814700
1.34078212291,11498200
-3.14222712238,7906100
1.3375071144,8774400
0.547598989048,7992500
2.20639575478,9328600
4.78207405383,10963300
-0.247750684574,5884000
-0.418300653595,6412700
0.932003150433,5482100
-0.260111848095,8659600
2.42534880688,5825700
-0.318268618714,7346600
1.53256704981,8661000
0.880503144654,11806300
2.29426433915,7158500
-0.962944904924,7490400
0.652307692308,5828200
0.391293714845,9225800
-1.68087697929,7556300
0.272547076313,6780000
3.65702989869,7499000
-2.57449344458,8499300
0.807438218742,5531300
-3.37378640777,5708300
-0.313991459432,5219000
-0.516567972786,3715700
1.39311043566,6508800
0.524606545091,5819400
-0.422465208748,5053800
1.69703019715,9305100
2.87116564417,5699400
-0.0954198473282,6288700
-2.96084049666,6309200
1.35334645669,5844500
0.983248361253,5587100
-0.973674720519,4362200
0.267055110464,4001400
0.750605326877,5774300
-0.144196106705,4073500
-2.10589651023,5123900
-3.03626306085,6772300
0.393002028398,4978500
-2.18461927011,6928400
0.568035114898,5546700
0.590500641849,13317500
-3.31801939765,6804800
-0.211193241816,5360600
1.85185185185,5194600
-1.19480519481,6780300
-0.0788643533123,5284200
2.52565114444,4962100
-1.25737746985,7691900
2.00103950104,6251200
-3.77070063694,7540700
-0.145618215515,3760800
-2.0283706748,5823300
-1.23139377537,5242100
-0.780928894369,5279800
1.07705053853,4049000
-1.68032786885,4582900
2.19535917744,4080000
0.856560163154,4203900
2.08951199784,6833100
0.435758616136,6282100
1.49881672364,6945700
1.39896373057,4681700
1.69902912621,6176100
-0.0376837080769,4689700
1.50791656195,6642600
-0.495172072295,4734200
0.696690719084,5381700
-2.7674820855,6649900
0.432020330368,6728500
1.18927125506,6964700
-2.70067516879,13484200
-0.0514006682087,7710600
-0.707122653638,8061500
-0.751003496051,6172700
0.195694716243,4857000
0.0,7303800
-0.989583333333,4643500
-0.618095739085,5299700
2.31573375678,6392000
-0.853595447491,6575200
-0.49569527785,5302100
-2.18930256948,6813100
1.40731805388,4198900
-0.0793021411578,4349200
2.51322751323,6208900
2.6064516129,9977600
0.829979879276,4759200
0.748316288351,5097700
-0.891309730131,5362800
0.424681488883,5808300
0.273631840796,5794600
-0.843463160506,4765500
-1.80135101326,7029100
1.6050955414,7616400
-1.01554663992,5488900
1.8619379354,6801500
0.0248694354638,5175100
1.47936350075,7672800
2.15607007228,9043200
0.131910300995,5957900
0.0838323353293,4746500
-0.335048462367,4839900
-0.0720374594789,5193600
-0.276342664904,7929300
0.373493975904,8861300
-0.0240067218821,20652100
0.0960499459719,5261300
0.923593618808,7444000
-1.3667696696,6509100
-3.3618508254,10319200
-0.324189526185,7761800
2.25168876657,6422600
-0.256912160509,7676600
-0.392493560653,7415900
-1.6623568526,6412000
-1.5276734285,6681900
-0.432349949135,7905800
2.89910600255,9644400
-0.806751892764,5734300
0.425425425425,6497400
0.498380264142,5442700
1.63649888421,5757800
-0.65869724323,5142700
2.94695481336,8473900
-0.131202290076,7729400
0.680759584378,12429200
1.32858837485,6996800
-0.269257785062,6085200
0.52823101303,7384000
-0.758991125642,6068000
-0.388280974232,7667600
-1.11032364753,6669400
1.76779741997,8160700
-1.53755868545,7672000
0.131124091072,7441500
-3.25,8850400
1.26738033715,6429000
-0.473876063183,6220700
1.66035893053,7671100
1.21292182058,6449600
-0.296630280019,5797400
2.13019159824,6947200
0.0349568865066,5656400
0.617355853232,6204200
-0.45149340125,5643200
-1.93045702989,6264400
1.60085378869,5751500
-0.560224089636,4851500
-0.258215962441,5016800
-1.09437514709,5553400
-1.38013087448,7658300
3.02810954277,5237100
-0.316159250585,4744900
0.0939739222366,4110700
-2.44102804835,5129600
0.721761097077,5834800
-1.56455272901,6901900
2.4508614414,4949400
0.402652771198,4123700
0.613352205709,10354900
1.20750293083,7058400
-0.115834588208,4327100
-1.40322393599,6242600
-0.423429781228,5217500
1.06307583274,5631800
0.572697522207,6223400
0.569436374201,4917200
0.496880055466,5679200
1.00034494653,5794700
-1.38888888889,10124000
-1.82405910875,12737300
3.12793979304,5859900
1.73318129989,6367800
0.605245460659,3831200
0.267379679144,1206600
0.822222222222,2569800
0.0881639850121,3389100
-0.847830874257,2722000
-0.0444197667962,1148400
1.7553605155,5255300
0.120100447647,9758500
0.0654307524537,4721000
0.174367916303,4265100
0.108790252393,4626300
0.5433601391,5020700
-1.31863380891,6145600
-1.0843373494,6540200
-0.631159340051,6024400
-2.37352351237,10393100
1.67789065175,3403300
1.16748989672,5606900
-1.48690634709,5858500
-1.2164902005,6328800
-1.47092360319,6440000
-1.07626432126,5894200
0.339260645765,6908600
-1.34079514982,7476800
-2.58804065233,8276800
2.02596142181,7733800
0.344827586207,5717500
0.604337006754,8531400
-0.259128386337,5711100
-1.81861124232,7310000
-3.46403656483,13653700
1.89384500374,7206500
-0.880410858401,7817600
0.962250185048,8745800
1.52737047898,10466200
0.192562281863,7125100
0.192192192192,3297200
1.93022419374,5698400
0.282286520819,6854300
0.867933380249,4839000
-0.0232558139535,6160500
-0.732728541521,4277800
-1.62858816637,6503100
-0.440686040972,5995200
-3.23005144156,8670700
1.32278402769,7382300
0.927281600781,5300700
0.604448742747,4453800
0.360490266763,4969000
-0.502873563218,5559100
2.0697954272,6794100
-0.353690167413,5023300
0.627070515854,6091400
0.952380952381,6378600
-0.0116468669928,4261200
-0.524170064065,6457600
-0.819672131148,4605500
0.625737898465,5083300
0.44585239939,5185800
-0.572363041701,6692300
-0.516917293233,11389000
0.106282475201,5502500
0.247729149463,3850200
-0.129442221699,6065400
0.5655708731,5216500
0.199179847686,4901400
-0.128624883068,5107700
0.409788081021,6006600
0.233208955224,7096200
1.53559795254,6676900
1.69569202566,7461400
-1.05903560162,5823600
-0.72876337964,5650400
1.78940123882,4980200
-0.878972278567,6265200
-1.10277398818,5801600
0.0229911484079,6038200
0.517181933111,6471200
-1.70363594786,10927500
-0.255903222054,5788500
2.01749271137,6725500
-1.31458619113,6101400
-1.71435190548,9069700
0.436063641721,6531000
0.164280685285,7440000
-2.6358950328,9426600
-0.733967031645,12581500
1.91515151515,10427700
-2.54519505233,17462800
0.463753966317,6818600
-3.98445092323,15865600
-0.126518218623,13686300
-1.96351659488,14970100
0.0,22470000
3.9669207908,21851300
-0.73328361919,10797500
0.375610366846,11659000
0.0374204814769,6700800
-4.17705735661,10801800
0.221210149642,7468900
2.05141521683,7376500
-2.41730279898,9747900
-1.65580182529,13427000
-0.304918467453,12886500
-0.159574468085,6021300
-1.305274374,12340900
1.4709851552,11704600
1.90184865009,14407100
-0.456799791177,7292600
-1.06201652026,4212100
0.596342433077,9137300
-0.237122908708,7998200
3.07671992605,10357200
-2.16500128107,12305300
-0.576142464318,7189500
-0.803371526406,7541200
1.19490175252,7290500
0.406717397009,8531700
1.13680909447,7889400
2.29974160207,8310600
0.70724930538,6396300
1.21645347379,9255400
0.247800768182,8533200
-0.667408231368,12209800
1.3437849944,5376300
-1.60834868017,7691600
-2.05889693037,7126700
-2.063957192,6995300
-1.44399635749,7295300
0.659978880676,5280400
-3.59297141359,9033600
0.557671381937,8315900
-2.93520898147,10393500
0.863991081382,6534800
-0.49737496546,4146500
1.74951402388,7647900
1.5556768559,7561400
2.23058317657,7934700
0.670347003155,5159500
0.274187230709,4318300
1.8359375,5721300
-0.217363508503,4796100
-0.65351101999,6865300
-1.85734554366,8405800
-0.722828229728,5256000
-0.105904156738,4706400
-0.715610919693,8806200
1.54831820609,6787500
0.262881177708,4945500
0.419507079182,4270100
0.248041775457,5199700
0.416720927204,5009200
-0.531707949682,5989300
0.938722294654,7976200
3.09997416688,6428800
-0.0501127536958,4572400
0.902481825019,5745100
0.732919254658,6332800
-1.3195215193,6942800
1.99950012497,4294400
-1.69076206812,5465300
-2.64207377866,6377800
0.0256016385049,5114700
-0.102380342974,4299300
-0.602100947989,3573100
1.44348498518,3655700
-0.876635751493,4125500
-2.39682132786,5681400
-0.801050558109,6184800
0.675138999206,4186700
-1.64365548981,5931100
-1.13636363636,5795700
0.0540906017579,4760400
0.189214758751,5250700
-0.849858356941,5112600
0.326530612245,6827500
3.45809601302,7452600
0.091755144842,5040800
1.59769512834,5895600
0.25779840165,2765900
-1.51709951144,5100700
0.926892950392,5438100
1.1253395421,5391800
-0.21744691737,4256100
0.8973208563,4712500
0.177868123491,5407700
-1.62333544705,6756700
-0.373855872115,6210300
-2.03157349896,16363600
2.77374190992,7512000
-0.848220023133,6624100
-1.89241736876,7569900
-0.198176773682,4879900
0.714853057983,6040500
-0.105152471083,3771400
0.0,5665700
-0.131578947368,5825000
-0.38208168643,7948700
0.714191244544,8401800
-1.43138542351,5623100
2.10498268052,6308800
0.952505219207,6895700
-0.452371720305,5682000
-0.129836406128,5559300
-0.143005720229,3731600
-1.06756932691,7077700
2.38189235426,6586500
0.012853470437,5748000
0.732553656342,8520700
0.867568257208,4710500
-1.68226663294,7059500
0.450276598482,4726700
0.243340163934,5289600
0.0894340104766,3702600
-0.306356905795,4447900
0.192061459667,4898000
-1.34185303514,5565900
1.19170984456,5599700
-0.0384024577573,6130400
0.525035215777,4953800
1.52866242038,6996900
-0.69008782936,5821600
2.64055590651,9844300
-0.0861644510093,5943300
-0.320315387458,5478900
1.65616116673,6561400
-0.911854103343,6937500
0.208588957055,6519600
-3.34272070528,8720300
0.760070939954,5433000
-3.31908473724,9190800
0.37711313394,5939800
1.10117890919,6342600
-0.589441312148,5958300
-1.01830368652,5228600
-1.62781612189,6733100
0.41037860736,6565500
0.118655240606,4255100
-0.618909665525,6665700
-1.68278786273,8036200
0.579514824798,9695100
0.817365670642,7597500
1.10313662945,10728500
0.0657289338767,5837400
0.985286389911,5850500
1.49603226226,7655100
0.281978979749,6049900
0.766871165644,6000400
-0.443937087773,4145200
1.32500955536,7424200
0.817301647177,6456700
-0.424045896732,5801300
-0.0375751503006,5564800
-0.338303470743,9938800
0.46517475484,4531200
1.48917532224,5235500
-0.098643649815,3727600
-0.012342631449,2442300
-0.0987532403407,577000
-1.16149759051,2926300
0.100012501563,2046600
1.26139627826,3227800
-1.03601381352,3611000
-1.17148554337,1354000
2.37074401009,4178400
1.33037694013,8291400
0.389010454656,5428300
0.629692419472,6364400
-0.794223826715,6299600
-1.28578360019,6288600
0.860162202015,6044400
1.70565302144,7169400
0.622903689506,7938200
0.952380952381,6910500
-0.577830188679,3732700
0.818408255248,4913000
-0.705882352941,6248400
-0.604265402844,7440500
1.38276314221,11626500
0.893592004703,5557000
-0.66425824496,6078500
0.891600187705,6120600
0.5,6184300
-2.0594700914,6086800
0.921441228588,8246000
3.19559873581,9912400
-0.181488203267,6258000
-1.02272727273,6060300
-0.068886337543,4440300
0.149356617647,5955700
0.103246529769,5242900
-1.44396057758,5326700
1.10465116279,6117400
-0.0690051753882,5198400
-0.322246518587,4570500
0.369472347304,3565800
-0.126538594271,6758300
0.207325501037,4974900
0.241379310345,6905100
-1.27278981768,5939400
-0.150987224158,7839000
0.0348958939165,5396300
1.52325581395,9629500
0.286336043981,6661800
1.43901324806,7537100
-2.12789912182,6667400
-0.241573679972,6170300
1.10701107011,5883700
0.273722627737,6340700
-0.591446769791,5766400
-0.114416475973,5878700
-1.26002290951,5183400
-1.14849187935,5975100
-0.821499823964,5872100
-1.56194533191,7695300
-2.34403173458,12553400
-1.96947316593,11038600
2.43596182823,10110400
-0.0735474380976,13686600
1.85230618253,5949000
0.277008310249,5517600
1.09296180639,5603600
0.997980278009,5840700
0.16468650747,3614600
0.0704638872578,3649800
0.352071353128,4184700
0.385919775465,4664200
0.0815470643057,5483900
1.48993132348,6944900
-0.5046450281,4739400
0.438040345821,3855100
-1.14771031792,6847500
-0.534076396145,4080100
0.735379946306,4164700
-0.336037079954,3237200
-2.47645622602,7334100
0.262279446829,3768800
-0.975029726516,5010500
0.0840537944284,6472100
-2.43551289742,8417100
-0.295130349238,4668300
3.29304390725,5597400
0.417910447761,3735600
-0.0475624256837,4905700
1.34427789674,6462000
0.96255429041,5291500
0.499941867225,3155600
-0.404905136511,2899500
-0.662097804623,5232300
-2.32694106642,7447000
-1.41266610799,6402100
1.05646630237,7514900
-0.817111271329,6050400
1.30845650594,5694800
-0.681655106434,6110100
-1.39674894642,6830400
-0.610575161802,4901100
-0.3440226072,4923400
-0.530144248551,5653000
1.05354486862,4335700
1.21427695327,6433700
-0.460494425594,7204000
-3.84709033358,8029000
-0.113952899468,5744400
-0.367600456332,6638000
-0.267175572519,5599200
0.867457583875,5074500
-0.227646389275,2014300
1.48307770313,7012000
-1.12415688234,5564800
-2.37493683679,5200700
-0.724637681159,6406600
-0.547445255474,4332800
0.353866317169,4728000
-0.195899177223,5632300
1.17770217221,4880300
-1.70719089498,4909600
-0.0526315789474,2627000
0.908372827804,5185300
-1.52641878669,5689500
0.927397986222,8373900
0.105014439485,11882800
-0.196695515342,3899100
2.15477598213,5307400
-0.75884244373,4748800
-1.58113011923,5863000
0.0658414537793,5674200
0.355309909199,3921300
0.708103855232,5032200
1.86197916667,5847600
1.95577144318,6130300
0.0752256770311,4712700
-0.100225507392,3579000
-0.50163029847,4016700
0.327703554323,5298500
1.50753768844,7324400
-1.06435643564,7292100
-1.60120090068,6419700
-1.27129417747,8674300
0.0515065670873,6744400
-0.656370656371,5095700
-0.582977069569,7807600
-0.742767787334,4579800
0.617040829723,9165700
0.613256784969,5298600
0.907794060433,5858000
1.41370003856,5523700
-0.481561272336,4903600
-0.522093467465,3769400
-0.972862263185,4072900
-0.814374353671,4690500
-1.52482731656,5948400
-1.86606670196,6260900
-0.74173971679,6375900
-1.76630434783,9546600
-2.32365145228,10633800
-3.04446332484,16333000
-2.74572805608,13473100
-0.555638984833,16317300
-4.36424041075,15838700
1.75272382757,17458200
2.70018621974,10858400
0.861287398005,4222900
-0.0749063670412,5555000
1.49925037481,7622400
-3.61890694239,8283600
-1.94636015326,11150700
2.2507033448,8632700
1.14643839804,5824300
0.317364364516,6563600
-1.3558300693,5651500
-0.73304825901,7350100
2.04615384615,3892600
-0.0150761344791,5308800
2.51809408926,7739900
1.08839535226,7531500
-2.69169212862,7832900
-4.27631578947,11185400
-0.999687597626,8482000
3.67623856106,7424500
2.45015979303,7938400
-2.46583481878,10475500
-1.88851660067,11607200
-0.248370071406,10748500
1.5873015873,8036500
3.01776960784,8927500
-0.936802973978,40071100
-3.46742719904,36392100
1.36837194838,56082500
-1.19650253106,7041000
-5.68234746157,13271400
1.56378600823,12377800
1.50729335494,16935500
4.86987066901,14204300
0.258830694275,7067300
0.121488230828,10031700
0.819050508115,11041400
-2.07612456747,5317300
-0.814257182363,7720800
3.00495662949,8264600
3.29323308271,8457400
2.85339933032,8889100
1.64189667374,8355900
-0.52917420972,7047900
2.36595268095,8477200
-0.382932166302,7484500
2.19659527732,7592800
-0.443310048361,7668300
0.026986911348,5407000
1.20059355187,5561600
-0.346574246867,8869000
1.65864098448,9412500
-0.171052631579,5985800
-0.527217609068,5251000
0.159003577581,5039200
3.50575472946,11099400
-1.90439672802,8411300
-1.45928338762,6658700
-3.02789898189,9736200
1.11808017453,6443700
1.32146709817,8015100
-1.42400851743,5782500
-0.229512623194,5316000
1.66441136671,5518100
-0.918408092639,9713400
-0.577646426652,5938300
1.71598432644,4719900
-0.106269925611,4929000
-1.14361702128,5645700
1.43933279526,5455800
-0.729346240552,5236700
-0.854929201176,5656000
-2.93721368903,5734700
-0.527484730705,4367200
-1.42338822216,5949700
-1.35900339751,6837800
2.43972445465,6691600
3.69851499019,7173000
0.67549310997,4478800
2.88513150832,10180400
-0.0782574670667,5204000
0.796240699648,5188300
0.40145040145,4983100
-0.296659357668,4530600
0.426908150065,5507000
-2.34445446348,7942000
2.50626566416,6810200
-2.07180543045,5216700
1.1826544021,6569700
-2.42857142857,6675500
0.0532410488487,5085800
-1.94226420114,12579000
-0.895400895401,7733900
1.3826146475,8647500
1.10721036997,5003300
1.04166666667,4420300
2.12794078773,3841500
0.530606962599,2082300
-1.05561277034,3178600
2.14676034348,3873000
0.624124315374,4173100
1.26582278481,4088700
1.1125,5327000
-0.766472988008,4408700
-0.685187492214,4330700
0.326141495233,4258900
-0.0750187546887,3466900
1.2012012012,6457500
-1.39713155292,7689600
-2.06896551724,7741000
-0.089628681178,6972100
1.20466487248,5380200
1.93744459921,6482300
-0.422360248447,6291500
0.898203592814,6727000
-1.45895153314,10580700
0.376411543287,5405900
1.05,5561500
-0.222662048491,4528500
0.644681378626,5574700
-1.24414880512,6545000
-0.686042160409,6854500
1.4945993469,5539000
0.606360598936,6935200
0.590405904059,6000700
0.269014428956,6091600
-0.231707317073,4089500
0.0733406674001,3729400
-0.171002809332,3817000
0.685182919369,5086700
-1.37319236845,4892900
1.13356333169,3704900
0.146198830409,3834800
-0.182481751825,4178700
0.621572212066,4507300
0.968992248062,4929100
0.731765834933,3932600
-0.440633559605,5395200
0.107655502392,4763600
-0.0836420121878,4394600
0.609901937336,4676000
-0.225840960418,3501900
-0.0833928996902,4241300
0.131155359485,5490700
1.40509645154,4413500
-0.281822451855,3646000
-0.259067357513,5175700
-1.74734356553,6554600
-0.28839221341,5582500
1.38587611473,4926200
0.356590990134,4709300
-0.367168068222,5749300
1.41464574417,4313100
0.105497596999,5038900
-0.538641686183,5712500
0.141276194961,7090200
-0.470256289678,6576400
-1.54736593433,6529700
-0.191961607678,4121600
-1.28621228513,4770700
-0.779347296639,5087300
0.650466372116,4507900
-5.96268747714,28694600
-1.40041493776,21523000
-0.499736980537,15069200
1.08379592916,9574600
2.31433054393,8824000
-1.86581469649,6481900
-1.26318531059,6921800
0.791347929306,6213500
-2.8133996336,6736500
0.0403931600916,7153200
-0.296096904441,7617200
-1.67386609071,7279200
1.53761669412,6531600
1.3115197404,4931200
-0.3870278927,6651700
-2.63933547696,9306900
0.316499243154,9002700
-2.44170096022,7638100
0.984251968504,5002100
0.877192982456,6367200
0.786749482402,5168200
-0.0273897562312,7133100
-1.17808219178,5231400
0.207929026892,6115100
0.041499515839,4725000
-1.78373893805,6162000
1.22483457694,4300100
-2.90681502086,8388800
-1.20326600774,8300500
1.92837465565,7149100
-0.0426742532006,5011400
-1.89269958731,5522400
-0.304612706701,5827100
1.61501527717,10975200
-0.945017182131,5946800
0.173460537728,8578100
-0.18759018759,4979100
1.63365620934,6223500
-1.86344238976,6580400
1.463980287,6538800
0.514285714286,4960000
-0.326890278567,2476100
0.384999287038,4197700
-1.88920454545,7199100
0.665991023599,8889700
-2.20048899756,12220400
-0.117647058824,4653000
1.06007067138,4549200
1.3986013986,6513600
-0.0862068965517,6382200
-0.50330744895,5982600
0.289059112589,6334800
0.374693759908,5691900
-0.0287150035894,5164600
0.172339508832,5139200
1.59139784946,15834500
-1.79226644087,12790500
1.45135795373,8904200
-0.269121813031,3644100
-1.0509870757,6748500
-1.22003731879,7246900
-1.67102586457,5937900
-0.605881483671,4776000
1.69491525424,5110100
-0.46783625731,4812000
4.28907168038,12441200
1.3661971831,7159800
2.12588578574,7159600
0.43537414966,5060900
-1.07017068545,6609700
-1.24606326167,4504500
-0.332778702163,4042800
0.0556483027268,4398400
0.222469410456,3529600
-1.13762486127,5535800
1.13668257087,4621300
-0.0693769945886,4148700
-0.402665926132,5181600
1.88205771644,5021200
0.342090859332,4812400
-1.66371198691,8019400
-1.84440438219,6691200
-1.58236790054,5144900
0.0,4497200
3.7037037037,9488900
3.40531561462,10520800
0.267737617135,7439700
0.41388518024,8890800
1.03709613083,4416400
-1.72391104093,8118300
4.24477771826,8288000
-0.0642260757868,4950500
2.19794344473,7662300
0.352156961389,5435800
0.26319087605,4202600
-0.1,2826300
-0.513013013013,2554500
0.61627468243,2789600
0.075,2509200
0.549587809143,2759500
0.32298136646,5125900
0.173353145121,2987100
0.0,3714500
-1.59456118665,3567200
-1.06770506218,5107100
0.0126968004063,3401700
0.545893106513,3140200
-0.909090909091,2643600
0.471457696228,2742400
-0.646797717185,3462300
1.365841205,4975300
0.856315325526,2612200
-1.56074416282,3309700
-0.494672754947,4573700
3.25047801147,7820700
0.111111111111,7537900
-0.234307559502,3421200
1.84177997528,4821000
-0.351984464134,5574400
-0.389768574909,4158800
2.32330643189,7917000
-1.00382409178,3248900
-1.01400289715,5293600
1.14634146341,5629900
-1.59151193634,7091100
-0.0245037980887,14626100
-0.612745098039,9588800
0.468557336621,5978500
-2.77368679431,5195000
0.176723049735,3502200
-2.72177419355,6208400
1.76165803109,4764100
-0.560081466395,3662900
-0.832053251408,4743400
-1.04556602556,4195300
1.043569006,4857100
-1.1360702298,3496100
0.261164794986,4945800
-0.494920552227,3659500
1.43979057592,4127200
-1.58709677419,3949900
0.957125999738,4061300
2.72727272727,6044400
1.13780025284,5636000
-0.4,3767100
-0.602409638554,5979100
-0.656565656566,3175800
-2.24961870869,6248000
0.572097256534,3921300
-0.633484162896,3105800
0.728597449909,3714000
-0.826659777835,2344200
1.56290700703,4099100
-0.436009233137,5790100
0.759917568264,4266800
0.830883292854,3365700
-1.52129817444,3786600
0.450566426365,4311300
-2.92195309496,8408300
-0.475247524752,5187800
0.809125878764,4682400
-0.460526315789,2563400
0.409781890284,4348200
-1.224328594,4438800
-0.226576036252,3549200
-1.21560245792,5927500
3.35361730899,5394300
0.0130838675912,3418300
0.0,3013700
0.222396650968,2107100
0.7701344472,2801300
-0.466321243523,2867000
-1.17126496616,5000700
0.737424282328,3870400
0.823529411765,4122600
-0.233372228705,5440800
0.259909031839,4184700
-0.129617627997,3399800
0.116807268008,4036100
0.116670987814,4898700
-0.880486857439,4963200
0.940561724363,3642600
1.73417885337,4736800
0.903192977993,4368200
0.151285930408,4081800
-0.654582074522,4654100
-0.810947795236,4290400
-0.217169136433,4968200
0.371271284087,4352800
-0.599489795918,5085900
0.6159373797,9480400
-0.012753475322,920900
0.803571428571,3466800
-1.53106415285,3015500
0.257003341043,1581200
2.47372468598,5127800
-0.300187617261,2898900
-0.0878183414879,3317500
-1.67001506781,4191400
0.587409015451,2661700
0.368160467183,3292900
0.0505944852011,3608800
-0.164348925411,3145800
0.316575914904,3061600
0.302953799546,4311700
0.415303297256,3036300
-0.463717257802,3498200
-1.00730294636,4796700
0.279827016026,1691000
0.177574835109,2522700
-0.177260065839,2612900
0.799086757991,2654300
0.226500566251,3420200
-0.828625235405,2989200
1.62045828586,4727800
1.20842157718,5751900
-1.69867060561,6875200
0.576008014025,4323900
-2.88844621514,6073700
1.15384615385,4379200
-1.40684410646,5048700
-1.25980203111,5377000
-0.0650956906653,4851300
-0.573215216258,4141100
0.524109014675,4485400
0.377997914494,5527900
-1.99974029347,6490100
-1.15277593746,7321300
0.388739946381,3110900
2.28334891174,6366900
-0.900783289817,4250500
-1.91015676459,6167400
2.22938490465,5461400
0.919600630583,6305800
-3.16323873991,8304800
2.17771205807,5475600
0.763057492435,5121700
0.0522261391827,5060000
-0.3784418635,2818100
2.17448257794,5039200
0.192307692308,3616200
0.217530390275,3699800
0.076608784474,4120300
0.318958918091,3169700
0.0890245453389,3314200
-0.355781448539,3129400
0.905381280286,4500000
-1.0109945659,7815900
-1.12345206179,5223600
-0.852162685604,5050300
0.872509441333,3834000
-1.2393493416,5175800
-0.392156862745,4596700
-0.787401574803,5359200
-0.26455026455,5966100
-0.689655172414,6256500
-0.22702991453,6351600
2.26208004283,6008200
-1.81937172775,4551100
-0.493267564325,4288600
-1.54072883173,6078200
0.0136072935093,3427100
0.979591836735,3350700
0.94314201024,4853000
0.120128136679,3698500
-0.839888014931,4223200
-1.72089271309,4715200
-0.998632010944,3985200
-2.58394362305,7115600
0.0851063829787,4307600
0.736961451247,6406200
0.703432751829,3318900
3.22715842414,6115500
2.21951549601,6702700
0.887064742486,4783700
-1.44356955381,5147800
1.53129161119,4071300
0.380327868852,5923000
-0.966814737392,6751100
1.41160949868,6278400
0.0650448809679,1691500
0.16900676027,3285200
0.519143413368,2713400
0.0903808908973,2087900
0.232198142415,3797000
-0.10296010296,2901700
0.425148157691,3587000
-0.192431045542,3108300
-0.899742930591,4607600
1.1673151751,9759800
0.858974358974,2311500
0.864370153807,4460600
0.0,4224700
-0.806553245117,6146400
0.304916783128,5129700
0.823305889804,2319500
0.678391959799,5423300
-1.67207387073,6156600
-0.0126903553299,3744200
-2.05609848966,7205600
0.19437605287,4752900
0.103466114847,3132000
-1.80878552972,4286200
-1.48684210526,3921100
1.24215306531,5351400
-0.184696569921,2763700
-0.793021411578,5177700
-0.905941913136,3482200
0.322667383705,4226600
0.361833288663,3417400
2.28334891174,5485500
0.065274151436,3156100
-0.587084148728,4453700
-3.16272965879,9055900
-1.05705380133,10273500
-2.15039035749,8100100
1.60974244121,5747100
0.840336134454,5154200
1.48907103825,4664200
0.969174855297,6560900
-0.0133315557926,3758600
-0.946666666667,3435100
-0.323058285099,4296400
1.90411883862,5217700
-1.44447389345,3664300
2.29931423961,4125300
0.34174553102,3359200
0.183390096935,3038500
0.679916317992,3740900
0.25974025974,2928100
1.02331606218,2417200
-0.371842543916,3167600
0.501930501931,3560700
2.11294660008,5443100
-0.250815149235,5409600
1.03092783505,3845500
-0.771528123445,3316300
0.827689992476,3747700
-0.485074626866,3077300
0.149981252343,4027100
-0.524148259079,4370400
0.878183414879,3645300
-0.261161547071,4994400
0.997506234414,4170000
0.0740740740741,4366400
-0.135701949173,3008200
-0.852378011118,3354000
-0.0996760528283,2944800
0.523821401846,2874200
-0.124069478908,2986600
0.298136645963,2176300
0.693584344811,2755600
0.344403444034,3205900
0.980632507968,3862600
0.886137411993,4942000
-1.1791601492,3017200
-0.949713868258,4872600
0.0368776889982,2953500
1.35168346031,3551600
1.86711930165,5321400
-0.0238038562247,2233100
-0.654761904762,6790900
2.61234272019,10393700
-0.712367161042,4544000
-1.39967066573,5004300
1.13324585471,3177700
-1.29747581977,4279300
0.298757170172,4254700
0.417014178482,3779600
0.62885619364,4067000
-0.577762056361,2630800
0.545540796964,4491600
0.448218919556,3800300
-0.0117426021606,3060800
0.63417498532,3468400
0.24506943634,3416900
-1.32712456345,5205200
-0.530910806984,3738900
1.091211007,4921800
-0.563181978177,9859600
0.790560471976,6771000
1.13556544135,7148000
0.243083690242,3907500
-0.369515011547,4063200
1.2401483542,4317500
-1.7859187178,5704700
0.606131250729,4182300
-0.590893291623,3564200
-1.11888111888,3054100
1.10796793965,3189300
0.233154581488,3087400
-0.0116306117702,2968800
0.186111434221,3910100
1.32358063393,4664300
-0.0458347656698,2509200
0.0343918376705,2430600
1.51272060509,4270600
0.203206141341,3991600
0.0901306894998,3631800
0.844214317875,6305100
-0.892956803215,2910500
-0.439238653001,5450100
-0.882352941176,3576200
0.410865099292,2720700
1.32984769266,5497800
0.280426247897,2967200
0.984340044743,4352800
0.199379707576,4105300
0.0773822684059,6257900
-1.12669833204,3199400
-0.569768740923,3992300
-0.415730337079,3137200
0.586708789349,3093800
-0.560852495794,4873200
-1.18443316413,6089900
0.764840182648,3162500
-0.555114988105,3106800
-0.0911369332422,3342000
0.387685290764,4555800
0.499772830532,3753100
0.949367088608,3575300
-1.01880877743,3398300
0.328017192625,2864800
0.248027057497,3057000
0.944669365722,3362100
-0.222816399287,3101900
-0.44662795891,3966700
0.224315836698,4405400
-0.268576544315,2387900
0.0785457809695,3051000
-0.347572597825,3170600
-1.60891089109,4759500
-1.15494568325,5637500
-1.52707080056,5593100
0.845864661654,4623100
0.0931966449208,3467400
-1.65270018622,4971200
-0.733727810651,4773000
-0.393419170243,4812900
-0.514661879114,4153200
1.41963426372,6337000
-0.510083036773,4501400
1.32347680935,5269600
1.61214403389,7240800
1.33178922988,23623900
0.548571428571,3991200
0.0227324391907,735200
1.13636363636,4468500
-0.393258426966,3112300
0.462492949803,993200
-1.75162811588,4721700
0.297142857143,2084600